lr0: 0.01165
lrf: 0.11591
momentum: 0.94811
weight_decay: 0.00042
warmup_epochs: 2.73546
warmup_momentum: 0.95
warmup_bias_lr: 0.04085
box: 0.04714
cls: 0.39547
cls_pw: 0.6835
obj: 1.2067
obj_pw: 1.45106
iou_t: 0.2
anchor_t: 3.39805
fl_gamma: 0.0
hsv_h: 0.01242
hsv_s: 0.44181
hsv_v: 0.39209
degrees: 0.0
translate: 0.11353
scale: 0.5207
shear: 0.0
perspective: 0.0
flipud: 0.0
fliplr: 0.5
mosaic: 0.75848
mixup: 0.0
copy_paste: 0.0
anchors: 2.1922
