lr0: 0.01249
lrf: 0.12523
momentum: 0.98
weight_decay: 0.00045
warmup_epochs: 4.70163
warmup_momentum: 0.95
warmup_bias_lr: 0.04678
box: 0.05342
cls: 0.49498
cls_pw: 0.5
obj: 1.5667
obj_pw: 1.78475
iou_t: 0.2
anchor_t: 3.2883
fl_gamma: 0.0
hsv_h: 0.01434
hsv_s: 0.29202
hsv_v: 0.50648
degrees: 0.0
translate: 0.12102
scale: 0.5373
shear: 0.0
perspective: 0.0
flipud: 0.0
fliplr: 0.5
mosaic: 0.81283
mixup: 0.0
copy_paste: 0.0
anchors: 2.0
